500	[-1.227811, -4.153003]
1000	[-1.240040, -4.151890]
1500	[-1.293260, -4.171897]
2000	[-1.397591, -4.164626]
2500	[-1.546617, -4.181712]
3000	[-1.670553, -4.152114]
3500	[-1.789102, -4.151017]
4000	[-1.883817, -4.143085]
4500	[-1.922375, -4.085004]
5000	[-1.942949, -4.056272]
5500	[-1.930666, -4.045495]
6000	[-1.887617, -3.990327]
6500	[-1.848302, -3.978993]
7000	[-1.808471, -3.962205]
7500	[-1.762055, -3.941669]
8000	[-1.727058, -3.930897]
8500	[-1.703680, -3.931450]
9000	[-1.670460, -3.925690]
9500	[-1.645205, -3.925775]
10000	[-1.623160, -3.923496]
10500	[-1.605471, -3.926988]
11000	[-1.583852, -3.923527]
11500	[-1.563947, -3.925800]
12000	[-1.548142, -3.926267]
12500	[-1.530639, -3.927794]
13000	[-1.517419, -3.929077]
13500	[-1.500822, -3.931616]
14000	[-1.488000, -3.932486]
14500	[-1.474403, -3.935629]
15000	[-1.462777, -3.936360]
15500	[-1.451946, -3.938383]
16000	[-1.441206, -3.939445]
16500	[-1.431851, -3.941030]
17000	[-1.423282, -3.941350]
17500	[-1.413829, -3.940866]
18000	[-1.404790, -3.941738]
18500	[-1.396936, -3.943049]
19000	[-1.389080, -3.941398]
19500	[-1.381297, -3.942037]
20000	[-1.375326, -3.941959]
22000	[-1.160008, -3.926126]
